50 10
1 51 25
1 119 172
2 382 134
3 351 788
4 461 588
5 49 634
6 221 62
7 20 125
8 116 268
9 263 646
10 18 604
11 106 763
12 337 748
13 284 459
14 117 489
15 306 314
16 419 920
17 8 807
18 417 193
19 362 462
20 179 314
21 84 250
22 495 811
23 177 134
24 52 419
25 54
2 73 20
1 181 648
2 140 856
3 27 777
4 240 579
5 68 974
6 198 110
7 287 330
8 429 673
9 321 936
10 446 400
11 300 226
12 365 101
13 28 707
14 121 821
15 153 111
16 442 268
17 448 133
18 199 314
19 237 680
20 432
3 96 16
1 141 748
2 484 729
3 336 103
4 316 680
5 92 576
6 378 280
7 88 503
8 199 306
9 478 685
10 357 600
11 117 731
12 171 893
13 398 824
14 33 264
15 425 62
16 417
4 115 23
1 142 97
2 113 965
3 487 610
4 453 765
5 166 247
6 340 541
7 207 935
8 473 688
9 239 176
10 140 172
11 131 792
12 292 581
13 139 794
14 304 468
15 464 627
16 209 400
17 117 171
18 265 535
19 51 803
20 29 911
21 61 186
22 326 193
23 410
5 172 14
1 310 509
2 275 287
3 288 911
4 487 41
5 353 768
6 63 728
7 458 579
8 389 303
9 398 686
10 179 144
11 155 475
12 85 494
13 6 769
14 453
6 236 16
1 261 810
2 96 549
3 472 138
4 450 670
5 157 891
6 332 549
7 316 233
8 83 412
9 395 195
10 281 827
11 477 573
12 475 30
13 311 361
14 255 49
15 62 981
16 190
7 341 22
1 34 276
2 454 610
3 489 110
4 48 779
5 253 865
6 40 808
7 277 814
8 69 161
9 342 516
10 489 592
11 89 301
12 275 923
13 315 463
14 498 246
15 480 582
16 391 777
17 358 235
18 370 349
19 209 717
20 337 412
21 229 951
22 269
8 371 15
1 131 260
2 37 376
3 15 632
4 288 265
5 306 255
6 8 102
7 367 676
8 35 264
9 39 957
10 21 910
11 174 102
12 268 273
13 147 715
14 253 249
15 281
9 378 27
1 247 278
2 406 514
3 418 446
4 102 126
5 54 704
6 225 392
7 221 450
8 244 914
9 378 85
10 349 699
11 335 130
12 36 442
13 377 377
14 414 912
15 60 284
16 103 224
17 279 489
18 76 462
19 98 315
20 241 285
21 452 975
22 43 483
23 418 912
24 443 593
25 55 81
26 338 583
27 433
10 379 16
1 52 978
2 390 899
3 126 200
4 213 527
5 251 248
6 447 440
7 467 90
8 89 418
9 6 429
10 140 978
11 406 833
12 237 322
13 221 743
14 495 778
15 406 599
16 343
11 442 23
1 500 89
2 301 783
3 282 92
4 387 351
5 34 81
6 304 518
7 262 971
8 441 573
9 85 88
10 496 550
11 46 901
12 100 100
13 309 99
14 350 912
15 125 443
16 66 994
17 460 613
18 131 622
19 309 70
20 322 113
21 219 703
22 303 608
23 272
12 461 24
1 138 239
2 347 763
3 165 274
4 140 435
5 72 717
6 335 337
7 239 353
8 480 799
9 484 104
10 9 499
11 323 606
12 56 105
13 280 248
14 264 301
15 72 985
16 183 932
17 40 930
18 130 408
19 150 191
20 229 883
21 283 750
22 159 656
23 418 699
24 275
13 461 22
1 344 136
2 485 929
3 73 300
4 64 941
5 59 790
6 288 189
7 144 318
8 314 245
9 372 381
10 109 733
11 329 903
12 140 547
13 255 287
14 468 959
15 438 82
16 52 679
17 221 879
18 146 75
19 6 371
20 399 163
21 331 298
22 87
14 529 14
1 287 752
2 223 604
3 9 144
4 43 997
5 457 737
6 467 182
7 284 66
8 432 408
9 303 595
10 80 470
11 70 72
12 162 403
13 465 985
14 412
15 708 26
1 354 285
2 346 135
3 186 828
4 291 935
5 452 446
6 322 797
7 84 977
8 481 272
9 447 196
10 414 860
11 95 932
12 216 55
13 96 784
14 478 370
15 405 983
16 215 851
17 347 914
18 381 860
19 132 303
20 86 836
21 364 140
22 200 923
23 24 909
24 245 257
25 107 866
26 475
16 739 21
1 161 870
2 412 922
3 121 258
4 17 705
5 103 438
6 173 315
7 447 101
8 500 821
9 147 389
10 333 551
11 209 725
12 436 579
13 174 991
14 19 148
15 454 297
16 96 624
17 497 301
18 24 141
19 310 474
20 181 776
21 407
17 758 13
1 202 951
2 300 224
3 135 75
4 367 476
5 5 562
6 478 855
7 280 733
8 373 992
9 384 784
10 348 231
11 191 471
12 40 710
13 476
18 778 15
1 165 709
2 439 157
3 373 951
4 158 549
5 163 712
6 214 364
7 211 743
8 156 597
9 70 226
10 220 710
11 486 418
12 351 796
13 467 208
14 320 612
15 159
19 804 22
1 112 470
2 407 623
3 315 700
4 169 506
5 231 482
6 350 248
7 266 514
8 411 952
9 496 845
10 381 203
11 342 116
12 150 557
13 344 678
14 322 373
15 52 868
16 492 799
17 125 718
18 163 260
19 417 233
20 80 55
21 28 280
22 248
20 851 15
1 398 104
2 238 454
3 458 674
4 299 229
5 372 743
6 201 536
7 209 279
8 80 701
9 357 35
10 462 798
11 445 818
12 458 139
13 403 465
14 117 210
15 416
21 1009 17
1 132 969
2 439 154
3 238 166
4 415 505
5 346 573
6 291 639
7 167 803
8 461 483
9 318 864
10 373 943
11 263 466
12 430 958
13 285 486
14 464 192
15 385 912
16 248 490
17 137
22 1079 19
1 435 682
2 146 814
3 403 563
4 253 671
5 127 311
6 230 109
7 370 322
8 125 308
9 176 357
10 462 583
11 46 171
12 82 266
13 201 740
14 83 753
15 114 95
16 217 447
17 174 585
18 243 455
19 36
23 1091 7
1 304 998
2 361 50
3 443 931
4 396 619
5 199 518
6 8 995
7 185
24 1109 26
1 204 903
2 461 885
3 219 581
4 387 782
5 284 849
6 313 949
7 117 529
8 117 309
9 228 527
10 19 428
11 177 714
12 352 847
13 212 771
14 89 890
15 244 971
16 70 667
17 278 57
18 469 433
19 308 607
20 344 57
21 47 688
22 224 168
23 448 502
24 98 81
25 138 418
26 172
25 1121 14
1 199 314
2 390 881
3 220 288
4 432 113
5 245 49
6 388 582
7 31 388
8 119 695
9 40 829
10 495 697
11 25 802
12 20 283
13 107 889
14 15
26 1170 29
1 127 159
2 247 715
3 63 607
4 490 253
5 243 746
6 136 815
7 193 201
8 315 651
9 498 795
10 372 147
11 403 868
12 88 348
13 60 622
14 18 981
15 164 619
16 351 959
17 495 414
18 208 994
19 371 233
20 43 636
21 358 880
22 326 278
23 57 743
24 400 338
25 440 730
26 312 854
27 66 845
28 294 831
29 26
27 1191 14
1 264 693
2 179 42
3 439 460
4 426 531
5 59 473
6 496 400
7 330 942
8 429 500
9 367 186
10 227 210
11 380 564
12 499 696
13 143 660
14 418
28 1317 22
1 401 525
2 243 476
3 427 778
4 308 304
5 170 902
6 130 880
7 483 118
8 147 932
9 235 279
10 389 505
11 296 654
12 347 418
13 177 59
14 258 901
15 171 216
16 254 247
17 186 846
18 137 378
19 148 931
20 310 748
21 455 312
22 289
29 1318 22
1 373 446
2 255 598
3 393 276
4 358 517
5 335 758
6 256 488
7 410 47
8 52 331
9 118 444
10 359 279
11 161 709
12 302 407
13 247 596
14 276 382
15 222 793
16 286 368
17 185 749
18 237 307
19 161 287
20 123 153
21 374 227
22 166
30 1324 19
1 279 810
2 358 219
3 103 251
4 383 525
5 146 771
6 306 808
7 273 641
8 149 132
9 431 228
10 156 262
11 189 213
12 159 44
13 367 576
14 69 310
15 28 85
16 288 329
17 362 996
18 69 683
19 449
31 1394 20
1 150 510
2 250 481
3 179 218
4 499 82
5 134 993
6 446 519
7 63 871
8 38 440
9 256 105
10 300 674
11 356 84
12 82 182
13 420 606
14 490 341
15 48 284
16 65 601
17 396 456
18 315 640
19 409 663
20 120
32 1469 20
1 199 491
2 470 483
3 157 910
4 306 469
5 161 612
6 322 91
7 317 787
8 55 1000
9 395 242
10 325 246
11 140 706
12 46 190
13 127 207
14 287 106
15 85 32
16 214 491
17 357 638
18 245 328
19 21 267
20 152
33 1530 17
1 356 269
2 478 300
3 408 840
4 325 633
5 343 853
6 483 232
7 222 147
8 283 260
9 336 182
10 470 302
11 428 175
12 41 91
13 89 841
14 162 639
15 388 874
16 296 973
17 152
34 1559 12
1 244 735
2 160 746
3 211 995
4 144 542
5 281 535
6 229 112
7 311 70
8 460 472
9 381 360
10 314 286
11 18 123
12 122
35 1722 24
1 491 51
2 396 718
3 425 305
4 300 71
5 395 804
6 94 511
7 270 697
8 231 968
9 147 215
10 304 476
11 330 863
12 256 123
13 245 386
14 214 371
15 169 716
16 58 908
17 87 367
18 215 740
19 258 325
20 344 997
21 210 863
22 394 593
23 23 495
24 50
36 1741 12
1 170 148
2 400 443
3 447 556
4 427 31
5 341 920
6 282 503
7 216 85
8 101 560
9 190 667
10 392 540
11 325 482
12 394
37 1744 19
1 152 478
2 455 745
3 253 154
4 19 675
5 316 848
6 127 756
7 86 348
8 287 44
9 287 447
10 52 260
11 435 964
12 63 502
13 489 150
14 336 882
15 83 540
16 482 763
17 154 551
18 366 309
19 217
38 1834 23
1 246 279
2 238 594
3 79 422
4 102 973
5 311 550
6 387 930
7 74 914
8 40 312
9 400 838
10 442 454
11 179 986
12 408 549
13 141 870
14 6 319
15 376 335
16 433 631
17 301 705
18 255 916
19 81 487
20 280 525
21 181 370
22 287 811
23 283
39 1858 32
1 362 274
2 297 422
3 124 906
4 402 450
5 27 355
6 386 514
7 366 965
8 420 420
9 202 709
10 410 870
11 338 185
12 258 67
13 69 544
14 499 634
15 174 920
16 56 925
17 437 480
18 56 568
19 471 497
20 12 769
21 78 449
22 450 700
23 84 106
24 245 830
25 140 376
26 324 739
27 208 695
28 46 902
29 173 902
30 350 909
31 278 419
32 493
40 1877 14
1 372 938
2 393 529
3 451 584
4 23 662
5 40 270
6 328 730
7 476 324
8 121 794
9 51 474
10 55 808
11 329 750
12 451 132
13 232 200
14 360
41 1895 25
1 33 330
2 188 413
3 225 179
4 130 573
5 215 609
6 354 841
7 97 204
8 94 110
9 317 921
10 200 664
11 354 276
12 259 964
13 303 176
14 123 502
15 331 290
16 240 291
17 346 39
18 465 853
19 243 952
20 152 723
21 284 191
22 42 482
23 488 383
24 305 336
25 332
42 2059 21
1 358 286
2 238 895
3 159 233
4 201 903
5 252 139
6 126 420
7 297 397
8 299 332
9 363 332
10 16 879
11 342 435
12 145 38
13 294 915
14 356 826
15 386 80
16 471 650
17 386 538
18 431 955
19 467 323
20 402 848
21 122
43 2106 14
1 322 286
2 352 803
3 374 815
4 342 727
5 434 170
6 326 129
7 467 672
8 335 70
9 163 837
10 230 64
11 301 403
12 379 164
13 51 961
14 156
44 2126 27
1 217 209
2 107 165
3 407 582
4 453 404
5 276 543
6 472 309
7 430 198
8 136 965
9 427 996
10 251 855
11 156 794
12 450 376
13 416 147
14 244 107
15 77 802
16 499 261
17 445 722
18 375 720
19 208 896
20 416 600
21 192 122
22 409 434
23 12 300
24 279 156
25 237 407
26 349 796
27 349
45 2141 13
1 195 140
2 350 269
3 246 55
4 322 935
5 487 604
6 172 967
7 317 256
8 336 94
9 330 873
10 242 961
11 363 339
12 337 448
13 64
46 2149 26
1 489 68
2 160 534
3 64 129
4 125 938
5 280 168
6 203 494
7 194 716
8 491 790
9 361 998
10 281 459
11 305 790
12 377 188
13 458 454
14 340 131
15 431 531
16 320 447
17 485 316
18 21 736
19 194 252
20 232 485
21 491 271
22 442 401
23 55 732
24 193 587
25 466 690
26 188
47 2152 17
1 490 898
2 426 495
3 51 708
4 113 687
5 332 641
6 15 81
7 407 371
8 129 158
9 407 608
10 110 100
11 429 813
12 288 242
13 305 251
14 421 920
15 124 366
16 401 181
17 408
48 2267 37
1 6 313
2 444 178
3 71 583
4 133 847
5 94 142
6 343 917
7 18 164
8 12 396
9 409 837
10 126 632
11 170 46
12 94 301
13 31 159
14 384 461
15 274 146
16 386 95
17 248 489
18 403 400
19 267 637
20 60 492
21 262 256
22 489 659
23 27 774
24 406 960
25 448 704
26 271 338
27 239 688
28 498 61
29 36 520
30 438 441
31 223 732
32 60 532
33 369 961
34 232 105
35 465 112
36 169 652
37 80
49 2270 18
1 285 759
2 171 420
3 310 573
4 155 494
5 263 649
6 225 131
7 411 748
8 63 903
9 340 696
10 454 817
11 287 768
12 448 250
13 225 492
14 459 263
15 216 377
16 428 494
17 209 455
18 378
50 2275 29
1 223 350
2 345 291
3 196 186
4 356 975
5 247 98
6 51 881
7 48 125
8 226 128
9 386 786
10 195 861
11 71 599
12 35 630
13 494 605
14 292 367
15 348 155
16 215 392
17 452 711
18 486 798
19 221 918
20 473 768
21 31 324
22 312 349
23 185 136
24 300 549
25 113 188
26 341 523
27 119 897
28 60 388
29 437
